00430821 ADDU 10 5 15
00430821 ADDU 799981516 1666063943 2466045459
00430825 OR 10 5 15
00430820 ADD 799981516 1666063943 2466045459
00430826 XOR 10 5 15
00430820 ADD 2 -1 1
2041FFFF ADDI 0 0 -1
2041FFFF ADDI 799981516 0 799981515
2441FFFF ADDIU 799981516 0 799981515
00430825 OR 10 5 15
204100FF ADDI 0 0 255
3041FFFF ANDI 10 0 10
3041FFFF ANDI 983040 0 0
00430824 AND 10 5 0
10430002 BEQ 10 10 1
00430821 ADDU 10 5 15
00000000 SKIP 0 0 10
00430821 ADDU 10 5 15
10430002 BEQ 10 5 0
00430821 ADDU 10 5 15
04410002 BGEZ 10 0 1
00430821 ADDU 10 5 15
00000000 SKIP 0 0 10
00430821 ADDU 10 5 15
04410002 BGEZ -2 0 0
00430821 ADDU 10 5 15
04410002 BGEZ 0 0 1
00430821 ADDU 10 5 15
00000000 SKIP 0 0 10
00430821 ADDU 10 5 15
04510002 BGEZAL 10 0 1
00430821 ADDU 10 5 15
00000000 SKIP 0 0 10
00430821 ADDU 10 5 15
04510002 BGEZAL 0 0 1
00430821 ADDU 10 5 15
00000000 SKIP 0 0 10
00430821 ADDU 10 5 15
04510002 BGEZAL -1 0 0
00430821 ADDU 0 0 0
1C400002 BGTZ 1 0 1
00430821 ADDU 0 0 0
00000000 SKIP 0 0 10
00430821 ADDU 10 5 15
1C400002 BGTZ 0 0 0
00430821 ADDU 10 5 15
18400002 BLEZ -2 0 1
00430821 ADDU 10 5 15
00000000 SKIP 0 0 10
00430821 ADDU 10 5 15
18400002 BLEZ 0 0 1
00430821 ADDU 10 5 15
00000000 SKIP 0 0 10
00430821 ADDU 10 5 15
18400002 BLEZ 1 0 0
00430821 ADDU 10 5 15
04400002 BLTZ -1 0 1
00430821 ADDU 10 5 15
00000000 SKIP 0 0 10
00430821 ADDU 10 5 15
04400002 BLTZ 0 0 0
00430821 ADDU 10 5 15
04400002 BLTZ 1 0 0
00430821 ADDU 0 0 0
04500002 BLTZAL -1 0 1
00430821 ADDU 10 5 15
00000000 SKIP 0 0 10
00430821 ADDU 10 5 15
04500002 BLTZAL 0 0 0
00430821 ADDU 10 5 15
14430002 BNE 10 9 1
00430821 ADDU 10 5 15
00000000 SKIP 0 0 10
00430821 ADDU 10 5 15
14430002 BNE 10 10 0
3441FFFF ORI 0 0 65535
344100FF ORI 0 0 255
344100FF ORI 10 0 255
00430826 XOR 120 2234 2242
00430826 XOR 799981516 799981516 0
3841FFFF XORI 4294901760 0 4294967295
384100FF XORI 255 0 0
384100FF XORI 0 0 255
00430823 SUBU 1 1 0
00430823 SUBU -1 -1 0
00430823 SUBU 1666063943 799981516 866082427
0043FFF3 <INTERNAL> 0 0 866082427
00430822 SUB 1 1 0
00430822 SUB -1 1 4294967294
00430821 ADDU 10 5 15
0043082B SLTU -1 1 0
0043082B SLTU 1 2 1
0043082A SLT -2 -1 1
0043082A SLT -1 -1 0
0043082A SLT 2 -1 0
0043082A SLT 1 5 1
2841FFFF SLTI -1 0 0
2841FFFF SLTI -2 0 1
2841FFFF SLTI -1 0 0
2C41FFFF SLTIU -1 0 0
2C41FFFF SLTIU 4294967294 0 1
2C4100FF SLTIU 4294967294 0 0
2C4100FF SLTIU 254 0 1
00020880 SLL 10 0 40
00020880 SLL -1 0 4294967292
00620804 SLLV 20 2 80
00020883 SRA 4294967295 0 4294967295
00020883 SRA 4294967294 0 4294967295
00020883 SRA 799981516 0 199995379
00620807 SRAV 4294967295 2 4294967295
00620807 SRAV 799981516 2 199995379
00620807 SRAV 4 2 1
00620807 SRAV 4294967294 2 4294967295
00020882 SRL 4294967292 0 1073741823
00020882 SRL 799981516 0 199995379
00430806 SRLV 2 4294967292 1073741823
00430806 SRLV 2 799981516 199995379
08000078 J 0 0 0
00430821 ADDU 10 5 15
00000000 SKIP 0 0 10
00430821 ADDU 10 5 15
00400008 JR 496 0 0
00430821 ADDU 10 5 15
00000000 SKIP 0 0 10
00430821 ADDU 10 5 15
0C000080 JAL 0 0 0
00430821 ADDU 10 5 15
00000000 SKIP 0 0 10
00430821 ADDU 10 5 15
AC620000 SW 10 0 15
8C410000 LW 0 0 10
8C410001 <INTERNAL> 0 0 10
A0620000 SB 255 0 10
80410000 LB 0 0 4294967295
90410000 LBU 0 0 255
00430821 ADDU 0 0 0
A0620000 SB 10 0 0
80410000 LB 0 0 10
90410000 LBU 0 0 10
00430821 ADDU 0 0 0
A4620000 SH 10 0 0
84410000 LH 0 0 10
00430821 ADDU 0 0 0
A4620000 SH 65535 0 0
84410000 LH 0 0 4294967295
00430821 ADDU 0 0 0
A4620000 SH 32768 0 0
84410000 LH 0 0 4294934528
00430821 ADDU 0 0 0
A4620000 SH 65535 0 0
94410000 LHU 0 0 65535
00430821 ADDU 0 0 0
A4620000 SH 32768 0 0
94410000 LHU 0 0 32768
00430821 ADDU 0 0 0
A4620001 <INTERNAL> 0 0 0
84410001 <INTERNAL> 0 0 0
3C01FFFF LUI 0 0 4294901760
3C0100FF LUI 0 0 16711680
00430821 ADDU 0 0 0
00400011 MTHI 10 0 0
00000810 MFHI 0 0 10
00430821 ADDU 0 0 0
00400013 MTLO 10 0 0
00000812 MFLO 0 0 10
00430821 ADDU 0 0 0
0040F809 JALR 676 0 0
00430821 ADDU 10 5 15
00000000 SKIP 0 0 10
00430821 ADDU 10 5 15
00430821 ADDU 0 0 0
00430019 MULTU 150 120 0
00000812 MFLO 0 0 18000
00000810 MFHI 0 0 0
00430821 ADDU 0 0 0
00430019 MULTU 429496 429496 0
00000812 MFLO 0 0 4078187584
00000810 MFHI 0 0 42
00430821 ADDU 0 0 0
00430019 MULTU 4278190080 4278190080 0
00000812 MFLO 0 0 0
00000810 MFHI 0 0 4261478400
00430821 ADDU 0 0 0
00430018 MULT 4278190080 4278190080 0
00000812 MFLO 0 0 0
00000810 MFHI 0 0 4261478400
00430821 ADDU 0 0 0
00430821 ADDU 0 0 0
0043001B DIVU 2 3 0
00000812 MFLO 0 0 0
00000810 MFHI 0 0 2
00430821 ADDU 0 0 0
00430821 ADDU 0 0 0
0043001A DIV -1 -1 0
00000812 MFLO 0 0 1
00000810 MFHI 0 0 0
00430821 ADDU 0 0 0
0043001A DIV -1 1 0
00000812 MFLO 0 0 -1
00000810 MFHI 0 0 0
00430821 ADDU 0 0 0
0043001A DIV 1 -1 0
00000812 MFLO 0 0 -1
00000810 MFHI 0 0 0
00430821 ADDU 0 0 0
AC620000 SW 1122867 0 0
AC620004 SW 1140850688 0 0
88410001 LWL 0 0 287453952
98410004 LWR 0 0 287454020
00430821 ADDU 0 0 0
AC620000 SW 0 0 0
AC620004 SW 0 0 0
AC620000 SW 17 0 0
AC620004 SW 573785088 0 0
88410003 LWL 0 0 285212672
98410006 LWR 0 0 287454020
00430820 ADD 777777777 1111 777778888
00430821 ADDU 0 0 0
00430820 ADD 2147483647 2147483647 0
00430821 ADDU 0 0 0
00430820 ADD 2147483648 2147483648 0
673636DE <INTERNAL> 0 0 0
4C48257B <INTERNAL> 0 0 0
9E9BC566 <INTERNAL> 0 0 0
560F47F8 <INTERNAL> 0 0 0
